[gd_scene load_steps=10 format=2]

[ext_resource path="res://data/terrains/Lava.tscn" type="PackedScene" id=1]
[ext_resource path="res://data/terrains/Water.tscn" type="PackedScene" id=2]
[ext_resource path="res://data/terrains/Wind.tscn" type="PackedScene" id=3]
[ext_resource path="res://data/terrains/Ice.tscn" type="PackedScene" id=4]
[ext_resource path="res://data/terrains/Tree.tscn" type="PackedScene" id=5]
[ext_resource path="res://data/terrains/Stone.tscn" type="PackedScene" id=6]
[ext_resource path="res://data/terrains/BrittleStone.tscn" type="PackedScene" id=7]
[ext_resource path="res://data/terrains/Earth.tscn" type="PackedScene" id=8]

[sub_resource type="Environment" id=1]
background_mode = 2
background_energy = 0.85
ambient_light_color = Color( 0.380392, 0.27451, 0.454902, 1 )
ambient_light_energy = 1.17
ambient_light_sky_contribution = 0.56
tonemap_mode = 2
tonemap_exposure = 0.75
tonemap_white = 14.19

[node name="Lighting tests scene" type="Spatial"]

[node name="WorldEnvironment" type="WorldEnvironment" parent="."]
environment = SubResource( 1 )

[node name="Warm fill" type="DirectionalLight" parent="WorldEnvironment"]
transform = Transform( 0.469799, 0.187915, -0.862541, -0.154034, 0.979541, 0.129507, 0.869231, 0.0720186, 0.489132, 0, 0, 0 )
light_color = Color( 0.992157, 0.768627, 0.364706, 1 )
light_energy = 0.91
light_specular = 0.49

[node name="Blue Rim" type="DirectionalLight" parent="WorldEnvironment"]
transform = Transform( -0.867356, 0.353243, 0.350589, -0.168389, 0.454599, -0.874634, -0.468336, -0.817654, -0.334817, 0, 0, 0 )
light_color = Color( 0.196078, 0.380392, 0.776471, 1 )
light_energy = 4.06

[node name="Top Key" type="DirectionalLight" parent="WorldEnvironment"]
transform = Transform( 1, 0, 0, 0, -4.37114e-08, 1, 0, -1, -4.37114e-08, 0, 0, 0 )
light_energy = 1.81

[node name="Stone" parent="." instance=ExtResource( 6 )]
transform = Transform( -0.609896, 0, -0.792481, -0.032398, 0.999164, 0.0249336, 0.791819, 0.0408817, -0.609386, 0.0946779, -5.88968, -2.29247 )

[node name="BrittleStone" parent="." instance=ExtResource( 7 )]
transform = Transform( 1, 0, 0, 0, 1, 0, 0, 0, 1, -4.11821, -1.2532, -4.30209 )

[node name="Earth" parent="." instance=ExtResource( 8 )]
transform = Transform( 1, 0, 0, 0, 1, 0, 0, 0, 1, 4.5444, 0.418258, -6.17137 )

[node name="Ice" parent="." instance=ExtResource( 4 )]
transform = Transform( 1, 0, 0, 0, 1, 0, 0, 0, 1, -2.35572, -3.85139, -3.32148 )

[node name="Lava" parent="." instance=ExtResource( 1 )]
transform = Transform( 1, 0, 0, 0, 1, 0, 0, 0, 1, -4.86774, -5.29122, -1.05285 )

[node name="Tree" parent="." instance=ExtResource( 5 )]
transform = Transform( 1, 0, 0, 0, 1, 0, 0, 0, 1, 1.53864, 1.34822, -6.40215 )

[node name="Water" parent="." instance=ExtResource( 2 )]
transform = Transform( 1, 0, 0, 0, 1, 0, 0, 0, 1, -6.35021, -2.30736, -2.10045 )

[node name="Wind" parent="." instance=ExtResource( 3 )]
transform = Transform( 1, 0, 0, 0, 1, 0, 0, 0, 1, 1.2037, -3.26409, -5.6316 )
